[?25l[38;2;0;0;0;48;2;0;0;0m▀▀▀▀▀▀▀▀▀▀▀▀▀▀▀▀▀▀▀▀▀▀▀▀▀▀▀▀▀▀▀▀▀▀▀▀▀▀▀▀▀▀▀▀▀▀▀▀▀▀▀
▀▀▀▀▀▀▀▀▀▀▀▀▀▀▀▀▀▀▀▀▀▀▀▀▀▀▀▀▀▀[48;2;35;30;31m▀▀[48;2;218;202;6m▀[38;2;100;93;22;48;2;254;234;0m▀[38;2;100;92;22;48;2;254;234;1m▀[38;2;0;0;0;48;2;64;58;28m▀[48;2;0;0;0m▀▀▀▀▀▀▀▀▀▀▀▀▀▀▀
▀▀▀▀▀▀▀▀▀▀▀▀▀▀▀▀▀▀▀▀▀▀▀▀▀▀▀▀[48;2;74;69;26m▀[38;2;171;158;15;48;2;227;209;4m▀[38;2;193;178;9;48;2;255;234;0m▀[48;2;254;234;0m▀[38;2;244;225;3;48;2;248;224;12m▀[38;2;245;216;20;48;2;225;193;32m▀[38;2;227;184;52;48;2;184;143;61m▀[38;2;61;51;34;48;2;0;0;0m▀[38;2;0;0;0m▀▀▀▀▀▀▀▀▀▀▀▀▀▀▀
▀▀▀▀▀▀▀▀▀▀▀▀▀▀▀▀▀▀▀▀▀▀▀▀▀[38;2;35;30;32;48;2;181;166;11m▀▀[38;2;114;105;21;48;2;207;191;9m▀[38;2;254;233;0;48;2;254;233;0m▀[48;2;255;234;0m▀[38;2;255;234;0;48;2;245;218;18m▀[38;2;254;234;0;48;2;230;191;45m▀[38;2;225;179;57;48;2;221;173;65m▀[38;2;151;119;54;48;2;152;119;54m▀[38;2;35;31;32;48;2;34;30;32m▀[38;2;0;0;0;48;2;0;0;0m▀▀▀▀▀▀▀▀▀▀▀▀▀▀▀▀
▀▀▀▀▀▀▀▀▀▀▀▀▀[48;2;34;31;31m▀▀▀▀▀[48;2;35;31;32m▀[48;2;34;31;31m▀▀[48;2;135;125;18m▀[38;2;66;60;28;48;2;254;234;0m▀▀[38;2;143;132;17;48;2;254;234;1m▀[38;2;255;234;0;48;2;255;234;0m▀▀[38;2;252;230;4;48;2;241;211;25m▀[38;2;248;224;11;48;2;218;170;68m▀[48;2;218;170;67m▀[38;2;238;205;32;48;2;218;169;68m▀[38;2;219;170;68;48;2;218;169;67m▀[38;2;196;153;63;48;2;63;52;37m▀[38;2;0;0;0;48;2;0;0;0m▀▀▀▀▀▀▀▀▀▀▀▀▀▀▀▀▀▀
▀▀▀▀▀▀▀▀▀▀▀[48;2;39;35;36m▀[48;2;170;159;19m▀[38;2;157;145;14;48;2;236;218;4m▀[48;2;251;229;6m▀▀▀▀[38;2;157;145;15m▀[38;2;157;145;14m▀[48;2;254;234;0m▀[38;2;201;186;9m▀[38;2;255;234;0;48;2;255;234;0m▀▀[38;2;244;216;20;48;2;237;203;32m▀[38;2;234;197;40;48;2;219;171;66m▀[48;2;219;170;68m▀[38;2;228;187;50;48;2;219;170;67m▀[38;2;218;170;68;48;2;219;170;68m▀[38;2;219;170;68m▀▀[38;2;218;170;67;48;2;218;170;67m▀[38;2;63;52;36;48;2;63;52;37m▀[38;2;0;0;0;48;2;0;0;0m▀▀▀▀▀▀▀▀▀▀▀▀▀▀▀▀▀▀
▀▀▀▀▀▀▀▀▀▀▀▀▀[38;2;49;41;34m▀[38;2;219;170;68;48;2;120;95;48m▀[38;2;219;169;68m▀▀▀[48;2;174;136;59m▀[38;2;219;170;67;48;2;219;170;67m▀[38;2;253;233;2;48;2;234;199;38m▀[38;2;255;234;0;48;2;235;199;37m▀▀▀[38;2;254;233;0;48;2;243;213;23m▀[38;2;254;233;2;48;2;254;234;0m▀[38;2;220;173;64;48;2;237;203;32m▀[38;2;219;170;68;48;2;236;202;34m▀[48;2;236;202;35m▀[48;2;220;172;66m▀[48;2;186;145;62m▀[38;2;218;170;67;48;2;126;100;49m▀[38;2;63;52;36;48;2;0;0;0m▀[38;2;0;0;0m▀▀▀▀▀▀▀▀▀▀▀▀▀▀▀▀▀▀
▀▀▀▀▀▀▀▀▀▀▀▀▀▀[38;2;34;30;31m▀▀▀▀[38;2;135;107;52m▀[38;2;219;169;68;48;2;42;36;33m▀[48;2;43;36;33m▀▀[48;2;44;38;33m▀[48;2;216;167;67m▀[38;2;232;195;42;48;2;219;169;67m▀[38;2;253;231;4;48;2;219;170;67m▀▀▀[38;2;252;231;4m▀[38;2;220;174;64;48;2;218;169;68m▀[38;2;158;124;55;48;2;218;169;67m▀[38;2;44;37;34m▀[38;2;0;0;0;48;2;63;52;37m▀[48;2;0;0;0m▀▀▀▀▀▀▀▀▀▀▀▀▀▀▀▀▀▀
▀▀▀▀▀▀▀▀▀▀▀▀▀▀▀▀▀[48;2;35;31;32m▀[48;2;161;148;14m▀[38;2;142;132;16;48;2;250;231;1m▀[38;2;36;32;31;48;2;38;34;31m▀[38;2;35;31;32;48;2;35;31;32m▀[38;2;36;31;32m▀[38;2;131;103;51;48;2;37;33;32m▀[38;2;132;104;51;48;2;36;32;31m▀[48;2;35;31;32m▀[48;2;34;30;32m▀[38;2;170;132;58;48;2;114;90;46m▀[38;2;218;170;68;48;2;219;170;68m▀[38;2;219;170;68m▀▀[38;2;219;169;68m▀[38;2;142;112;52m▀[38;2;0;0;0;48;2;152;120;55m▀[48;2;36;32;32m▀[48;2;0;0;0m▀▀▀▀▀▀▀▀▀▀▀▀▀▀▀▀
▀▀▀▀▀▀▀▀▀▀▀▀▀▀▀▀[38;2;39;35;36;48;2;20;95;125m▀[38;2;35;30;31;48;2;34;31;32m▀[38;2;161;149;14;48;2;109;101;22m▀[38;2;250;231;0;48;2;161;149;14m▀[38;2;38;34;31;48;2;36;33;31m▀[38;2;35;31;32;48;2;35;31;32m▀[38;2;37;33;32;48;2;38;33;32m▀[38;2;244;225;2;48;2;250;231;1m▀[38;2;158;147;14;48;2;162;150;14m▀[38;2;35;31;32;48;2;35;31;32m▀[38;2;34;30;32m▀[38;2;40;35;32m▀[38;2;48;40;34m▀▀[48;2;28;59;72m▀[38;2;48;40;33;48;2;19;97;128m▀[38;2;209;162;66;48;2;136;118;65m▀[38;2;217;168;67;48;2;177;138;59m▀[38;2;214;166;67;48;2;218;169;67m▀[38;2;64;54;41;48;2;134;106;51m▀[38;2;0;0;0;48;2;0;0;0m▀▀▀▀▀▀▀▀▀▀▀▀▀▀▀
▀▀▀▀▀▀▀▀▀▀▀▀▀▀[38;2;34;30;31;48;2;3;162;223m▀[38;2;14;118;159;48;2;18;100;132m▀[38;2;2;167;231;48;2;31;45;53m▀[38;2;34;30;31;48;2;35;30;32m▀[38;2;35;31;32;48;2;35;31;32m▀[38;2;34;31;31m▀[38;2;34;30;32m▀[38;2;35;31;32m▀[38;2;38;32;32;48;2;35;31;31m▀[38;2;249;231;1;48;2;58;52;28m▀[38;2;161;150;14;48;2;48;43;30m▀[38;2;35;31;32;48;2;35;30;31m▀[48;2;35;30;32m▀[48;2;35;30;31m▀[48;2;35;30;32m▀[48;2;35;30;31m▀[38;2;20;91;119;48;2;33;37;41m▀[38;2;0;173;239;48;2;31;46;53m▀[38;2;29;52;63;48;2;6;156;215m▀[38;2;116;92;47;48;2;24;121;155m▀[38;2;219;170;68;48;2;55;45;36m▀[38;2;219;169;67m▀[38;2;0;0;0;48;2;0;0;0m▀▀▀▀▀▀▀▀▀▀▀▀▀▀▀
▀▀▀▀▀▀▀▀▀▀▀▀▀[38;2;30;48;57;48;2;30;48;57m▀[38;2;0;172;239;48;2;0;173;238m▀[38;2;11;127;172;48;2;0;173;239m▀[38;2;21;88;116;48;2;0;173;238m▀[48;2;0;172;238m▀[38;2;29;57;70;48;2;20;95;126m▀[38;2;34;30;31;48;2;34;30;32m▀[38;2;35;31;32;48;2;35;30;32m▀▀[38;2;34;31;33;48;2;33;32;34m▀[38;2;22;87;115;48;2;1;171;236m▀[38;2;21;88;116;48;2;0;173;238m▀[48;2;0;172;238m▀▀▀[48;2;0;172;239m▀[48;2;0;173;239m▀[48;2;0;173;238m▀[38;2;22;88;116m▀[38;2;2;168;231;48;2;0;172;238m▀[38;2;13;121;164;48;2;13;121;164m▀[38;2;34;30;31;48;2;34;30;32m▀[38;2;0;0;0;48;2;0;0;0m▀▀▀▀▀▀▀▀▀▀▀▀▀▀▀▀
▀▀▀▀▀▀▀▀▀▀▀▀▀[38;2;34;33;36;48;2;111;103;20m▀[38;2;29;55;67m▀[38;2;12;127;173;48;2;55;122;112m▀[38;2;0;172;238;48;2;11;132;180m▀[38;2;0;173;239;48;2;0;172;238m▀[38;2;3;165;227;48;2;0;173;239m▀[38;2;4;159;219m▀▀[48;2;6;151;207m▀[48;2;12;127;171m▀[38;2;0;172;238m▀[38;2;13;124;167;48;2;16;110;147m▀[38;2;29;55;67;48;2;22;81;104m▀▀▀[38;2;29;55;66;48;2;23;80;104m▀[38;2;3;164;225;48;2;2;166;228m▀[38;2;0;173;239;48;2;0;173;239m▀[38;2;0;173;238m▀[38;2;25;74;93;48;2;19;95;125m▀[38;2;0;0;0;48;2;0;0;0m▀▀▀▀▀▀▀▀▀▀▀▀▀▀▀▀▀▀
▀▀▀▀▀▀▀▀▀▀▀[38;2;34;30;31;48;2;34;30;31m▀[38;2;182;168;15;48;2;182;168;15m▀[38;2;254;234;0;48;2;255;234;0m▀[48;2;254;234;0m▀[38;2;133;123;17;48;2;134;123;17m▀[38;2;30;49;58;48;2;30;49;58m▀[38;2;0;172;238;48;2;0;172;238m▀[38;2;0;173;239;48;2;0;173;239m▀[48;2;1;171;236m▀[48;2;27;64;81m▀[38;2;16;107;142;48;2;30;47;56m▀[38;2;34;30;32;48;2;35;30;32m▀[38;2;35;30;32;48;2;35;31;32m▀[38;2;18;99;130;48;2;18;99;130m▀[38;2;0;173;239;48;2;0;173;239m▀▀▀▀▀▀[38;2;0;172;239m▀▀[38;2;13;121;163;48;2;12;121;164m▀[38;2;35;31;32;48;2;35;30;31m▀[38;2;0;0;0;48;2;0;0;0m▀▀▀▀▀▀▀▀▀▀▀▀▀▀▀▀
▀▀▀▀▀▀▀▀▀▀▀▀▀[38;2;196;182;8;48;2;35;30;32m▀[38;2;196;182;9;48;2;34;30;32m▀[38;2;101;127;61;48;2;14;118;159m▀[38;2;21;88;116;48;2;0;173;238m▀[38;2;0;172;238;48;2;0;173;239m▀[38;2;0;173;239m▀[38;2;5;172;233;48;2;12;175;228m▀[38;2;103;98;25;48;2;252;233;1m▀[38;2;105;96;22;48;2;255;234;0m▀[38;2;104;96;23;48;2;253;233;1m▀[38;2;38;34;31;48;2;45;40;30m▀[38;2;18;99;131;48;2;18;99;131m▀[38;2;0;173;239;48;2;0;173;239m▀▀▀▀▀▀▀▀[38;2;12;121;164;48;2;12;121;164m▀[38;2;34;30;31;48;2;34;30;31m▀[38;2;0;0;0;48;2;0;0;0m▀▀▀▀▀▀▀▀▀▀▀▀▀▀▀▀
▀▀▀▀▀▀▀▀▀▀▀▀▀[38;2;31;44;52;48;2;30;48;57m▀[38;2;7;145;198;48;2;0;173;239m▀[38;2;17;105;139;48;2;19;95;127m▀[38;2;23;81;104;48;2;30;49;58m▀[38;2;0;172;238;48;2;0;172;239m▀[38;2;0;173;239;48;2;0;173;239m▀[38;2;12;175;228;48;2;10;174;229m▀[38;2;252;233;1;48;2;201;188;9m▀[38;2;255;234;0;48;2;203;188;7m▀[38;2;253;233;1;48;2;202;188;9m▀[38;2;45;40;30;48;2;43;38;30m▀[38;2;18;99;131;48;2;19;99;131m▀[38;2;0;173;239;48;2;0;173;239m▀▀▀▀▀▀[48;2;0;173;238m▀[48;2;7;145;199m▀[38;2;12;121;164;48;2;0;0;0m▀[38;2;34;30;31m▀[38;2;0;0;0m▀▀▀▀▀▀▀▀▀▀▀▀▀▀▀▀
▀▀▀▀▀▀▀▀▀▀▀▀▀[38;2;30;48;57;48;2;30;48;57m▀[38;2;0;172;239;48;2;0;173;239m▀[38;2;19;95;127;48;2;4;159;219m▀[38;2;30;49;58;48;2;7;147;201m▀[38;2;0;173;238;48;2;26;67;85m▀[38;2;1;173;239;48;2;12;128;173m▀[38;2;0;171;235;48;2;0;172;238m▀[38;2;34;33;35;48;2;6;148;202m▀[38;2;34;30;32;48;2;6;148;201m▀[38;2;34;30;31m▀[38;2;34;30;32m▀[38;2;19;99;131;48;2;15;116;155m▀[38;2;0;173;238;48;2;27;66;84m▀[38;2;0;172;239;48;2;1;167;230m▀[38;2;0;173;239;48;2;0;173;239m▀▀▀▀[38;2;0;172;238;48;2;0;173;238m▀[38;2;29;52;63;48;2;29;53;64m▀[38;2;0;0;0;48;2;0;0;0m▀▀▀▀▀▀▀▀▀▀▀▀▀▀▀▀▀▀
▀▀▀▀▀▀▀▀▀▀▀▀▀[38;2;30;48;57;48;2;30;48;57m▀[38;2;0;173;239;48;2;0;173;239m▀▀[38;2;1;169;233;48;2;0;173;238m▀[38;2;25;75;96;48;2;0;173;239m▀[38;2;16;113;152;48;2;20;96;125m▀[38;2;8;140;191;48;2;33;37;41m▀[38;2;0;172;238;48;2;1;172;238m▀[38;2;0;173;239;48;2;0;172;239m▀[48;2;0;173;239m▀[48;2;0;173;238m▀[38;2;14;113;152;48;2;14;113;152m▀[38;2;35;30;31;48;2;35;30;30m▀[38;2;1;165;228;48;2;1;165;227m▀[38;2;0;173;239;48;2;0;172;239m▀[48;2;0;173;238m▀[48;2;0;173;239m▀▀[38;2;0;173;238;48;2;0;172;239m▀[38;2;29;53;64;48;2;29;53;63m▀[38;2;0;0;0;48;2;0;0;0m▀▀▀▀▀▀▀▀▀▀▀▀▀▀▀▀▀▀
▀▀▀▀▀▀▀▀▀▀▀▀▀[38;2;30;48;57;48;2;22;85;111m▀[38;2;0;172;239;48;2;0;172;238m▀[38;2;0;173;239;48;2;0;173;239m▀▀▀[38;2;6;157;216m▀[38;2;8;145;197;48;2;0;171;236m▀[38;2;26;70;88;48;2;25;75;95m▀[38;2;26;68;86;48;2;24;73;94m▀[38;2;26;69;88;48;2;24;74;95m▀[38;2;1;171;236;48;2;0;171;237m▀[38;2;4;161;221;48;2;0;173;239m▀[38;2;8;144;197;48;2;0;173;238m▀[38;2;24;77;99;48;2;22;82;108m▀[38;2;16;113;151;48;2;18;104;139m▀[38;2;0;173;238;48;2;9;141;193m▀[38;2;0;173;239;48;2;8;141;193m▀[38;2;10;138;187;48;2;15;121;163m▀[38;2;26;68;85;48;2;24;73;93m▀[38;2;9;143;195;48;2;2;167;230m▀[38;2;0;0;0;48;2;10;137;186m▀[48;2;25;73;93m▀[48;2;0;0;0m▀▀▀▀▀▀▀▀▀▀▀▀▀▀▀▀
▀▀▀▀▀▀▀▀▀▀▀[38;2;34;30;31m▀[38;2;16;128;171m▀[38;2;0;173;239;48;2;26;70;90m▀▀[48;2;25;70;90m▀[48;2;25;71;90m▀[48;2;26;70;90m▀[48;2;26;71;91m▀[48;2;26;70;90m▀▀[48;2;25;71;91m▀[48;2;26;70;91m▀[48;2;26;70;90m▀[48;2;25;71;91m▀[48;2;26;70;90m▀▀[38;2;13;121;163;48;2;0;0;0m▀[38;2;35;30;32m▀[38;2;34;30;31m▀[38;2;20;91;119m▀[38;2;0;173;239;48;2;26;70;90m▀▀[48;2;25;71;90m▀[38;2;1;173;239;48;2;25;70;90m▀[38;2;30;48;58;48;2;0;0;0m▀[38;2;0;0;0m▀▀▀▀▀▀▀▀▀▀▀▀▀▀▀
▀▀▀▀▀▀▀▀▀▀▀▀▀▀▀▀▀▀▀▀▀▀▀▀▀▀▀▀▀▀▀▀▀▀▀▀▀▀▀▀▀▀▀▀▀▀▀▀▀▀▀
▀▀▀▀▀▀▀▀▀▀▀▀▀▀▀▀▀▀▀▀▀▀▀▀▀▀▀▀▀▀▀▀▀▀▀▀▀▀▀▀▀▀▀▀▀▀▀▀▀▀▀
▀▀▀▀▀▀▀▀▀▀▀▀▀▀▀▀▀▀▀▀▀▀▀▀▀▀▀▀▀▀▀▀▀▀▀▀▀▀▀▀▀▀▀▀▀▀▀▀▀▀▀
▀▀▀▀▀▀▀▀▀▀▀▀▀▀▀▀▀▀▀▀▀▀▀▀▀▀▀▀▀▀▀▀▀▀▀▀▀▀▀▀▀▀▀▀▀▀▀▀▀▀▀
▀▀▀▀▀▀▀▀▀▀▀▀▀▀▀▀▀▀▀▀▀▀▀▀▀▀▀▀▀▀▀▀▀▀▀▀▀▀▀▀▀▀▀▀▀▀▀▀▀▀▀
[0m[?25h